{
  "trans": [
    [
      0.0,
      0.0,
      1.0,
      0.0,
      0.0,
      0.14285714285714285
    ],
    [
      0.0,
      0.07692307692307693,
      0.0,
      0.0,
      1.0,
      0.0
    ],
    [
      0.0,
      0.38461538461538464,
      0.0,
      0.0,
      0.0,
      0.8571428571428571
    ],
    [
      1.0,
      0.0,
      0.0,
      0.0,
      0.0,
      0.0
    ],
    [
      0.0,
      0.0,
      0.0,
      1.0,
      0.0,
      0.0
    ],
    [
      0.0,
      0.5384615384615384,
      0.0,
      0.0,
      0.0,
      0.0
    ]
  ],
  "covs": [
    [
      [
        0.09701019963534285,
        0.385341262858147,
        -0.05512596102520244,
        0.02956751851254322
      ],
      [
        0.385341262858147,
        3.250506672250567,
        -0.7276162369644978,
        0.06881087386479781
      ],
      [
        -0.05512596102520244,
        -0.7276162369644978,
        0.1991747717429151,
        0.004537765299848056
      ],
      [
        0.02956751851254322,
        0.06881087386479781,
        0.004537765299848056,
        0.03196266788626723
      ]
    ],
    [
      [
        0.15800674420238858,
        0.155549928704163,
        -0.041515217627256185,
        -0.001824615696335872
      ],
      [
        0.155549928704163,
        0.6558868683799796,
        -0.4184338715784458,
        -0.0033322815019028507
      ],
      [
        -0.041515217627256185,
        -0.4184338715784458,
        0.3362165557730202,
        0.004745204536596234
      ],
      [
        -0.001824615696335872,
        -0.0033322815019028507,
        0.004745204536596234,
        0.0010036314966499985
      ]
    ],
    [
      [
        0.10712254440624634,
        0.15312377880515424,
        -0.06496342099336984,
        0.0065909303437948945
      ],
      [
        0.15312377880515424,
        1.8959347998782605,
        -0.10708725456822171,
        0.05890841076021877
      ],
      [
        -0.06496342099336984,
        -0.10708725456822171,
        0.3979464252440191,
        -0.06554124151838746
      ],
      [
        0.0065909303437948945,
        0.05890841076021877,
        -0.06554124151838746,
        0.040481054861851364
      ]
    ],
    [
      [
        0.3093826378684324,
        0.8381909389587565,
        -0.17890666636689914,
        0.032947962011201495
      ],
      [
        0.8381909389587565,
        3.275035661430434,
        -0.7399418748939472,
        0.06975135793999473
      ],
      [
        -0.17890666636689914,
        -0.7399418748939472,
        0.2747582430742969,
        0.0053599458680197495
      ],
      [
        0.032947962011201495,
        0.06975135793999473,
        0.0053599458680197495,
        0.03196266788626723
      ]
    ],
    [
      [
        0.16891403312421108,
        0.16660067955309324,
        -0.08900993893800258,
        -0.0009584491770900975
      ],
      [
        0.16660067955309324,
        0.7295066953946314,
        -0.16637694458832186,
        -0.00813805536679088
      ],
      [
        -0.08900993893800258,
        -0.16637694458832186,
        0.15265124293046456,
        0.005117819466096349
      ],
      [
        -0.0009584491770900975,
        -0.00813805536679088,
        0.005117819466096349,
        0.0017690084581110307
      ]
    ],
    [
      [
        0.381841472283915,
        0.6597592669577355,
        -0.24364445618343533,
        0.06073803121158473
      ],
      [
        0.6597592669577355,
        1.2241829633917776,
        -0.3121394571651528,
        0.07738229909586465
      ],
      [
        -0.24364445618343533,
        -0.3121394571651528,
        0.5489107356841929,
        -0.11401264941070706
      ],
      [
        0.06073803121158473,
        0.07738229909586465,
        -0.11401264941070706,
        0.02896190065667975
      ]
    ]
  ],
  "means": [
    [
      7.710817617866153,
      8.81113510574154,
      9.49763543473923,
      1.4198337375023076
    ],
    [
      10.58854308389357,
      7.992029464285714,
      3.907732632394286,
      -0.0016829960644178558
    ],
    [
      7.8810188172041675,
      5.422480347034166,
      3.9645137667075,
      1.3998904139475001
    ],
    [
      10.543111111107693,
      8.83323325389077,
      10.005226849173075,
      1.4198337375023076
    ],
    [
      10.616642246643847,
      8.038202884615385,
      10.129335775346155,
      -0.01736938245973923
    ],
    [
      10.241836734679998,
      5.557460663472857,
      3.993268631634286,
      1.3968867334714286
    ]
  ]
}